0xFEDCBA98<<0=fedcba98,-19088744	1111 1110 1101 1100 1011 1010 1001 1000 
0xFEDCBA98<<1=fdb97530,-38177488	1111 1101 1011 1001 0111 0101 0011 0000 
0xFEDCBA98<<2=fb72ea60,-76354976	1111 1011 0111 0010 1110 1010 0110 0000 
0xFEDCBA98<<3=f6e5d4c0,-152709952	1111 0110 1110 0101 1101 0100 1100 0000 
0xFEDCBA98<<4=edcba980,-305419904	1110 1101 1100 1011 1010 1001 1000 0000 
0xFEDCBA98<<5=db975300,-610839808	1101 1011 1001 0111 0101 0011 0000 0000 
0xFEDCBA98<<6=b72ea600,-1221679616	1011 0111 0010 1110 1010 0110 0000 0000 
0xFEDCBA98<<7=6e5d4c00,1851608064	0110 1110 0101 1101 0100 1100 0000 0000 
0xFEDCBA98<<8=dcba9800,-591751168	1101 1100 1011 1010 1001 1000 0000 0000 
0xFEDCBA98<<9=b9753000,-1183502336	1011 1001 0111 0101 0011 0000 0000 0000 
0xFEDCBA98<<10=72ea6000,1927962624	0111 0010 1110 1010 0110 0000 0000 0000 
0xFEDCBA98<<11=e5d4c000,-439042048	1110 0101 1101 0100 1100 0000 0000 0000 
0xFEDCBA98<<12=cba98000,-878084096	1100 1011 1010 1001 1000 0000 0000 0000 
0xFEDCBA98<<13=97530000,-1756168192	1001 0111 0101 0011 0000 0000 0000 0000 
0xFEDCBA98<<14=2ea60000,782630912	0010 1110 1010 0110 0000 0000 0000 0000 
0xFEDCBA98<<15=5d4c0000,1565261824	0101 1101 0100 1100 0000 0000 0000 0000 
0xFEDCBA98<<16=ba980000,-1164443648	1011 1010 1001 1000 0000 0000 0000 0000 
0xFEDCBA98<<17=75300000,1966080000	0111 0101 0011 0000 0000 0000 0000 0000 
0xFEDCBA98<<18=ea600000,-362807296	1110 1010 0110 0000 0000 0000 0000 0000 
0xFEDCBA98<<19=d4c00000,-725614592	1101 0100 1100 0000 0000 0000 0000 0000 
0xFEDCBA98<<20=a9800000,-1451229184	1010 1001 1000 0000 0000 0000 0000 0000 
0xFEDCBA98<<21=53000000,1392508928	0101 0011 0000 0000 0000 0000 0000 0000 
0xFEDCBA98<<22=a6000000,-1509949440	1010 0110 0000 0000 0000 0000 0000 0000 
0xFEDCBA98<<23=4c000000,1275068416	0100 1100 0000 0000 0000 0000 0000 0000 
0xFEDCBA98<<24=98000000,-1744830464	1001 1000 0000 0000 0000 0000 0000 0000 
0xFEDCBA98<<25=30000000,805306368	0011 0000 0000 0000 0000 0000 0000 0000 
0xFEDCBA98<<26=60000000,1610612736	0110 0000 0000 0000 0000 0000 0000 0000 
0xFEDCBA98<<27=c0000000,-1073741824	1100 0000 0000 0000 0000 0000 0000 0000 
0xFEDCBA98<<28=80000000,-2147483648	1000 0000 0000 0000 0000 0000 0000 0000 
0xFEDCBA98<<29=0,0	0000 0000 0000 0000 0000 0000 0000 0000 
0xFEDCBA98<<30=0,0	0000 0000 0000 0000 0000 0000 0000 0000 
0xFEDCBA98<<31=0,0	0000 0000 0000 0000 0000 0000 0000 0000 
0xFEDCBA98<<32=fedcba98,-19088744	1111 1110 1101 1100 1011 1010 1001 1000 
0xFEDCBA98<<33=fdb97530,-38177488	1111 1101 1011 1001 0111 0101 0011 0000 
0xFEDCBA98<<34=fb72ea60,-76354976	1111 1011 0111 0010 1110 1010 0110 0000 
0xFEDCBA98<<35=f6e5d4c0,-152709952	1111 0110 1110 0101 1101 0100 1100 0000 
0xFEDCBA98<<36=edcba980,-305419904	1110 1101 1100 1011 1010 1001 1000 0000 
0xFEDCBA98<<37=db975300,-610839808	1101 1011 1001 0111 0101 0011 0000 0000 
0xFEDCBA98<<38=b72ea600,-1221679616	1011 0111 0010 1110 1010 0110 0000 0000 
0xFEDCBA98<<39=6e5d4c00,1851608064	0110 1110 0101 1101 0100 1100 0000 0000 
0xFEDCBA98<<40=dcba9800,-591751168	1101 1100 1011 1010 1001 1000 0000 0000 
0xFEDCBA98>>0=fedcba98,-19088744	1111 1110 1101 1100 1011 1010 1001 1000 
0xFEDCBA98>>1=ff6e5d4c,-9544372	1111 1111 0110 1110 0101 1101 0100 1100 
0xFEDCBA98>>2=ffb72ea6,-4772186	1111 1111 1011 0111 0010 1110 1010 0110 
0xFEDCBA98>>3=ffdb9753,-2386093	1111 1111 1101 1011 1001 0111 0101 0011 
0xFEDCBA98>>4=ffedcba9,-1193047	1111 1111 1110 1101 1100 1011 1010 1001 
0xFEDCBA98>>5=fff6e5d4,-596524	1111 1111 1111 0110 1110 0101 1101 0100 
0xFEDCBA98>>6=fffb72ea,-298262	1111 1111 1111 1011 0111 0010 1110 1010 
0xFEDCBA98>>7=fffdb975,-149131	1111 1111 1111 1101 1011 1001 0111 0101 
0xFEDCBA98>>8=fffedcba,-74566	1111 1111 1111 1110 1101 1100 1011 1010 
0xFEDCBA98>>9=ffff6e5d,-37283	1111 1111 1111 1111 0110 1110 0101 1101 
0xFEDCBA98>>10=ffffb72e,-18642	1111 1111 1111 1111 1011 0111 0010 1110 
0xFEDCBA98>>11=ffffdb97,-9321	1111 1111 1111 1111 1101 1011 1001 0111 
0xFEDCBA98>>12=ffffedcb,-4661	1111 1111 1111 1111 1110 1101 1100 1011 
0xFEDCBA98>>13=fffff6e5,-2331	1111 1111 1111 1111 1111 0110 1110 0101 
0xFEDCBA98>>14=fffffb72,-1166	1111 1111 1111 1111 1111 1011 0111 0010 
0xFEDCBA98>>15=fffffdb9,-583	1111 1111 1111 1111 1111 1101 1011 1001 
0xFEDCBA98>>16=fffffedc,-292	1111 1111 1111 1111 1111 1110 1101 1100 
0xFEDCBA98>>17=ffffff6e,-146	1111 1111 1111 1111 1111 1111 0110 1110 
0xFEDCBA98>>18=ffffffb7,-73	1111 1111 1111 1111 1111 1111 1011 0111 
0xFEDCBA98>>19=ffffffdb,-37	1111 1111 1111 1111 1111 1111 1101 1011 
0xFEDCBA98>>20=ffffffed,-19	1111 1111 1111 1111 1111 1111 1110 1101 
0xFEDCBA98>>21=fffffff6,-10	1111 1111 1111 1111 1111 1111 1111 0110 
0xFEDCBA98>>22=fffffffb,-5	1111 1111 1111 1111 1111 1111 1111 1011 
0xFEDCBA98>>23=fffffffd,-3	1111 1111 1111 1111 1111 1111 1111 1101 
0xFEDCBA98>>24=fffffffe,-2	1111 1111 1111 1111 1111 1111 1111 1110 
0xFEDCBA98>>25=ffffffff,-1	1111 1111 1111 1111 1111 1111 1111 1111 
0xFEDCBA98>>26=ffffffff,-1	1111 1111 1111 1111 1111 1111 1111 1111 
0xFEDCBA98>>27=ffffffff,-1	1111 1111 1111 1111 1111 1111 1111 1111 
0xFEDCBA98>>28=ffffffff,-1	1111 1111 1111 1111 1111 1111 1111 1111 
0xFEDCBA98>>29=ffffffff,-1	1111 1111 1111 1111 1111 1111 1111 1111 
0xFEDCBA98>>30=ffffffff,-1	1111 1111 1111 1111 1111 1111 1111 1111 
0xFEDCBA98>>31=ffffffff,-1	1111 1111 1111 1111 1111 1111 1111 1111 
0xFEDCBA98>>32=fedcba98,-19088744	1111 1110 1101 1100 1011 1010 1001 1000 
0xFEDCBA98>>33=ff6e5d4c,-9544372	1111 1111 0110 1110 0101 1101 0100 1100 
0xFEDCBA98>>34=ffb72ea6,-4772186	1111 1111 1011 0111 0010 1110 1010 0110 
0xFEDCBA98>>35=ffdb9753,-2386093	1111 1111 1101 1011 1001 0111 0101 0011 
0xFEDCBA98>>36=ffedcba9,-1193047	1111 1111 1110 1101 1100 1011 1010 1001 
0xFEDCBA98>>37=fff6e5d4,-596524	1111 1111 1111 0110 1110 0101 1101 0100 
0xFEDCBA98>>38=fffb72ea,-298262	1111 1111 1111 1011 0111 0010 1110 1010 
0xFEDCBA98>>39=fffdb975,-149131	1111 1111 1111 1101 1011 1001 0111 0101 
0xFEDCBA98>>40=fffedcba,-74566	1111 1111 1111 1110 1101 1100 1011 1010 





0xFEDCBA98u<<0=fedcba98,-19088744	1111 1110 1101 1100 1011 1010 1001 1000 
0xFEDCBA98u<<1=fdb97530,-38177488	1111 1101 1011 1001 0111 0101 0011 0000 
0xFEDCBA98u<<2=fb72ea60,-76354976	1111 1011 0111 0010 1110 1010 0110 0000 
0xFEDCBA98u<<3=f6e5d4c0,-152709952	1111 0110 1110 0101 1101 0100 1100 0000 
0xFEDCBA98u<<4=edcba980,-305419904	1110 1101 1100 1011 1010 1001 1000 0000 
0xFEDCBA98u<<5=db975300,-610839808	1101 1011 1001 0111 0101 0011 0000 0000 
0xFEDCBA98u<<6=b72ea600,-1221679616	1011 0111 0010 1110 1010 0110 0000 0000 
0xFEDCBA98u<<7=6e5d4c00,1851608064	0110 1110 0101 1101 0100 1100 0000 0000 
0xFEDCBA98u<<8=dcba9800,-591751168	1101 1100 1011 1010 1001 1000 0000 0000 
0xFEDCBA98u<<9=b9753000,-1183502336	1011 1001 0111 0101 0011 0000 0000 0000 
0xFEDCBA98u<<10=72ea6000,1927962624	0111 0010 1110 1010 0110 0000 0000 0000 
0xFEDCBA98u<<11=e5d4c000,-439042048	1110 0101 1101 0100 1100 0000 0000 0000 
0xFEDCBA98u<<12=cba98000,-878084096	1100 1011 1010 1001 1000 0000 0000 0000 
0xFEDCBA98u<<13=97530000,-1756168192	1001 0111 0101 0011 0000 0000 0000 0000 
0xFEDCBA98u<<14=2ea60000,782630912	0010 1110 1010 0110 0000 0000 0000 0000 
0xFEDCBA98u<<15=5d4c0000,1565261824	0101 1101 0100 1100 0000 0000 0000 0000 
0xFEDCBA98u<<16=ba980000,-1164443648	1011 1010 1001 1000 0000 0000 0000 0000 
0xFEDCBA98u<<17=75300000,1966080000	0111 0101 0011 0000 0000 0000 0000 0000 
0xFEDCBA98u<<18=ea600000,-362807296	1110 1010 0110 0000 0000 0000 0000 0000 
0xFEDCBA98u<<19=d4c00000,-725614592	1101 0100 1100 0000 0000 0000 0000 0000 
0xFEDCBA98u<<20=a9800000,-1451229184	1010 1001 1000 0000 0000 0000 0000 0000 
0xFEDCBA98u<<21=53000000,1392508928	0101 0011 0000 0000 0000 0000 0000 0000 
0xFEDCBA98u<<22=a6000000,-1509949440	1010 0110 0000 0000 0000 0000 0000 0000 
0xFEDCBA98u<<23=4c000000,1275068416	0100 1100 0000 0000 0000 0000 0000 0000 
0xFEDCBA98u<<24=98000000,-1744830464	1001 1000 0000 0000 0000 0000 0000 0000 
0xFEDCBA98u<<25=30000000,805306368	0011 0000 0000 0000 0000 0000 0000 0000 
0xFEDCBA98u<<26=60000000,1610612736	0110 0000 0000 0000 0000 0000 0000 0000 
0xFEDCBA98u<<27=c0000000,-1073741824	1100 0000 0000 0000 0000 0000 0000 0000 
0xFEDCBA98u<<28=80000000,-2147483648	1000 0000 0000 0000 0000 0000 0000 0000 
0xFEDCBA98u<<29=0,0	0000 0000 0000 0000 0000 0000 0000 0000 
0xFEDCBA98u<<30=0,0	0000 0000 0000 0000 0000 0000 0000 0000 
0xFEDCBA98u<<31=0,0	0000 0000 0000 0000 0000 0000 0000 0000 
0xFEDCBA98u<<32=fedcba98,-19088744	1111 1110 1101 1100 1011 1010 1001 1000 
0xFEDCBA98u<<33=fdb97530,-38177488	1111 1101 1011 1001 0111 0101 0011 0000 
0xFEDCBA98u<<34=fb72ea60,-76354976	1111 1011 0111 0010 1110 1010 0110 0000 
0xFEDCBA98u<<35=f6e5d4c0,-152709952	1111 0110 1110 0101 1101 0100 1100 0000 
0xFEDCBA98u<<36=edcba980,-305419904	1110 1101 1100 1011 1010 1001 1000 0000 
0xFEDCBA98u<<37=db975300,-610839808	1101 1011 1001 0111 0101 0011 0000 0000 
0xFEDCBA98u<<38=b72ea600,-1221679616	1011 0111 0010 1110 1010 0110 0000 0000 
0xFEDCBA98u<<39=6e5d4c00,1851608064	0110 1110 0101 1101 0100 1100 0000 0000 
0xFEDCBA98u<<40=dcba9800,-591751168	1101 1100 1011 1010 1001 1000 0000 0000 
0xFEDCBA98u>>0=fedcba98,-19088744	1111 1110 1101 1100 1011 1010 1001 1000 
0xFEDCBA98u>>1=7f6e5d4c,2137939276	0111 1111 0110 1110 0101 1101 0100 1100 
0xFEDCBA98u>>2=3fb72ea6,1068969638	0011 1111 1011 0111 0010 1110 1010 0110 
0xFEDCBA98u>>3=1fdb9753,534484819	0001 1111 1101 1011 1001 0111 0101 0011 
0xFEDCBA98u>>4=fedcba9,267242409	0000 1111 1110 1101 1100 1011 1010 1001 
0xFEDCBA98u>>5=7f6e5d4,133621204	0000 0111 1111 0110 1110 0101 1101 0100 
0xFEDCBA98u>>6=3fb72ea,66810602	0000 0011 1111 1011 0111 0010 1110 1010 
0xFEDCBA98u>>7=1fdb975,33405301	0000 0001 1111 1101 1011 1001 0111 0101 
0xFEDCBA98u>>8=fedcba,16702650	0000 0000 1111 1110 1101 1100 1011 1010 
0xFEDCBA98u>>9=7f6e5d,8351325	0000 0000 0111 1111 0110 1110 0101 1101 
0xFEDCBA98u>>10=3fb72e,4175662	0000 0000 0011 1111 1011 0111 0010 1110 
0xFEDCBA98u>>11=1fdb97,2087831	0000 0000 0001 1111 1101 1011 1001 0111 
0xFEDCBA98u>>12=fedcb,1043915	0000 0000 0000 1111 1110 1101 1100 1011 
0xFEDCBA98u>>13=7f6e5,521957	0000 0000 0000 0111 1111 0110 1110 0101 
0xFEDCBA98u>>14=3fb72,260978	0000 0000 0000 0011 1111 1011 0111 0010 
0xFEDCBA98u>>15=1fdb9,130489	0000 0000 0000 0001 1111 1101 1011 1001 
0xFEDCBA98u>>16=fedc,65244	0000 0000 0000 0000 1111 1110 1101 1100 
0xFEDCBA98u>>17=7f6e,32622	0000 0000 0000 0000 0111 1111 0110 1110 
0xFEDCBA98u>>18=3fb7,16311	0000 0000 0000 0000 0011 1111 1011 0111 
0xFEDCBA98u>>19=1fdb,8155	0000 0000 0000 0000 0001 1111 1101 1011 
0xFEDCBA98u>>20=fed,4077	0000 0000 0000 0000 0000 1111 1110 1101 
0xFEDCBA98u>>21=7f6,2038	0000 0000 0000 0000 0000 0111 1111 0110 
0xFEDCBA98u>>22=3fb,1019	0000 0000 0000 0000 0000 0011 1111 1011 
0xFEDCBA98u>>23=1fd,509	0000 0000 0000 0000 0000 0001 1111 1101 
0xFEDCBA98u>>24=fe,254	0000 0000 0000 0000 0000 0000 1111 1110 
0xFEDCBA98u>>25=7f,127	0000 0000 0000 0000 0000 0000 0111 1111 
0xFEDCBA98u>>26=3f,63	0000 0000 0000 0000 0000 0000 0011 1111 
0xFEDCBA98u>>27=1f,31	0000 0000 0000 0000 0000 0000 0001 1111 
0xFEDCBA98u>>28=f,15	0000 0000 0000 0000 0000 0000 0000 1111 
0xFEDCBA98u>>29=7,7	0000 0000 0000 0000 0000 0000 0000 0111 
0xFEDCBA98u>>30=3,3	0000 0000 0000 0000 0000 0000 0000 0011 
0xFEDCBA98u>>31=1,1	0000 0000 0000 0000 0000 0000 0000 0001 
0xFEDCBA98u>>32=fedcba98,-19088744	1111 1110 1101 1100 1011 1010 1001 1000 
0xFEDCBA98u>>33=7f6e5d4c,2137939276	0111 1111 0110 1110 0101 1101 0100 1100 
0xFEDCBA98u>>34=3fb72ea6,1068969638	0011 1111 1011 0111 0010 1110 1010 0110 
0xFEDCBA98u>>35=1fdb9753,534484819	0001 1111 1101 1011 1001 0111 0101 0011 
0xFEDCBA98u>>36=fedcba9,267242409	0000 1111 1110 1101 1100 1011 1010 1001 
0xFEDCBA98u>>37=7f6e5d4,133621204	0000 0111 1111 0110 1110 0101 1101 0100 
0xFEDCBA98u>>38=3fb72ea,66810602	0000 0011 1111 1011 0111 0010 1110 1010 
0xFEDCBA98u>>39=1fdb975,33405301	0000 0001 1111 1101 1011 1001 0111 0101 
0xFEDCBA98u>>40=fedcba,16702650	0000 0000 1111 1110 1101 1100 1011 1010 
